Earthquake_v4/ALL_FUNCTIONS/Risk_Data.asc
ncols         528
nrows         192
xllcorner     24
yllcorner     35
cellsize      0.0416666666666667
NODATA_value  -9999
[rows 66 to 87 of 192, columns 459 to 509 of 528]
1001066946.84463 94804723.3239086 2503800252.52583 2503700321.17483 2498535528.80912 2498535528.80912 64396938.375932 22571706.2024686 24647128.6911602 13211835.080312 8562281.69235731 8708248.82852826 212003.268200008 41464.5266000015 0 0 0 0 0 0 0 0 0 0 0 0 0 0 0 0 0 0 0 0 0 0 0 0 0 0 0 0 0 0 0 0 0 0 0 0 0
1001682717.33959 94863039.0555287 2505340375.61714 2505240382.79695 2500072413.49411 115479680.24123 22739753.2256513 96133583.2455837 84496474.735407 78953384.3842407 9728313.52510724 69471174.4149331 69471174.4149331 12850357.4823294 19566662.6307627 0 0 0 0 0 0 0 0 0 0 0 0 0 0 0 0 0 0 0 0 0 0 0 0 0 0 0 0 0 0 0 0 0 0 0 0
51942266.7711117 26764962.6731443 69747320.593174 69647266.3630701 64476123.1816525 22753717.07883 28394531.7600786 15280780.779916 9734286.8762966 9734286.8762966 246254.667600009 246254.667600009 180412.345800007 11947774.5331774 3348026.69962078 0 0 0 0 0 0 0 0 0 0 0 0 0 0 0 0 0 0 0 0 0 0 0 0 0 0 0 0 0 0 0 0 0 0 0 0
16758556.8205106 26781369.0231515 26678067.494383 26577951.9331758 22155742.7959407 28411945.456779 15290148.7976016 9740254.56688308 9740254.56688308 246405.636200009 246405.636200009 246405.636200009 207554.330600008 5777387.22155899 1486507.23704829 0 0 0 0 0 0 0 0 0 0 0 0 0 0 0 0 0 0 0 0 0 0 0 0 0 0 0 0 0 0 0 0 0 0 0 0
12784270.0451629 16768816.5602974 16662121.6643249 16558756.8934307 19412384.0629081 15299507.9293326 9746216.59686668 9746216.59686668 246556.461600009 246556.461600009 246556.461600009 246556.461600009 246556.461600009 246556.461600009 16002478.5578987 561836840.800192 249505830.621373 15504564.4101826 0 0 0 0 0 0 0 0 26186241.9181724 2905746.97747423 5423.21219271721 0 0 0 0 0 0 0 0 0 0 0 0 0 0 0 0 0 0 0 0 0 0
213928279.939327 203611819.55441 12590016.8068019 12568407.2891128 16351092.4031089 9752172.96624739 246707.143800009 346150402.853614 346150402.853614 346150402.853614 246707.143800009 246707.143800009 246707.143800009 246707.143800009 246707.143800009 18009845.6254867 691355372.824218 639640618.792491 366473793.381562 336978729.807318 20318827.440585 536461810.371505 585345473.087481 581061809.864932 527305646.575098 594631630.909808 686413438.005979 724324409.34082 661936383.494525 374743120.171688 1109997.39222386 0 0 0 0 0 0 0 0 0 0 0 0 0 0 0 0 0 0 0 0
297313372.462251 297135886.46345 290710962.765358 274786061.117369 7965736.80402645 258108.155000009 247162.269200009 346361822.366764 346361822.366764 346361822.366764 246857.826000009 246857.826000009 246857.826000009 246857.826000009 246857.826000009 18020845.5629782 691777634.405112 691777634.405112 691777634.405112 691777634.405112 691777634.405112 710399554.499507 36642765.6573595 724766807.537452 724766807.537452 724766807.537452 724766807.537452 724766807.537452 724766807.537452 724766807.537452 724766807.537452 538957778.121867 146175238.208806 0 0 0 0 0 0 0 0 0 0 0 0 0 0 0 0 0 0
297494508.904142 297316914.773029 297144930.997669 296978315.121742 8638736.39930409 293044.909600011 263919.64060001 346572789.806828 346572789.806828 346572789.806828 247008.186000009 247008.186000009 247008.186000009 247008.186000009 247008.186000009 247008.186000009 18031821.979577 692198993.074572 692198993.074572 692198993.074572 692198993.074572 692198993.074572 18031821.979577 18880270.8087965 18880270.8087965 18880270.8087965 725208259.765024 725208259.765024 725208259.765024 725208259.765024 725208259.765024 725208259.765024 720004589.07868 266771998.598367 7487.91233252564 0 0 0 0 0 0 0 0 0 0 0 0 0 0 0 0
9322077.61933931 297497870.438824 297325781.989169 297159064.706005 296997489.223445 288646718.304816 267716.80340001 346783807.477235 346783807.477235 346783807.477235 346783807.477235 247158.581800009 247158.581800009 247158.581800009 247158.581800009 247158.581800009 247158.581800009 18042801.0096084 692620452.067525 692620452.067525 692620452.067525 692620452.067525 692620452.067525 18042801.0096084 247158.581800009 247158.581800009 18891766.4336115 18891766.4336115 725649817.100269 725649817.100269 725649817.100269 725649817.100269 725649817.100269 725649817.100269 290361523.917053 0 0 0 0 0 0 0 0 0 0 0 0 0 0 0 0
9327744.43965377 9149934.19579691 8977741.1348171 297339705.448687 297178031.745617 288822184.456653 261381378.687455 590196137.083645 346994573.995928 346994573.995928 347243013.271775 248279.766200009 247308.798600009 247308.798600009 247308.798600009 247308.798600009 247308.798600009 247308.798600009 18053766.9724771 693041409.443014 693041409.443014 693041409.443014 693041409.443014 18053766.9724771 247308.798600009 247308.798600009 247308.798600009 247308.798600009 18903248.3764166 18903248.3764166 18903248.3764166 726090848.897149 726090848.897149 726090848.897149 680716181.68614 145699205.556741 0 0 0 0 0 0 0 0 0 0 0 0 0 0 0
9333404.43110261 9155486.29358869 8983188.74740788 297520128.508209 297358356.70299 288997439.161028 267289044.556747 245380373.965141 591478784.545813 667140375.294242 698748369.725642 292353.754800011 280496.97380001 266844.42900001 247597.991000009 247458.872200009 247458.872200009 247458.872200009 247458.872200009 18064722.4816157 693461965.524532 693461965.524532 693461965.524532 18064722.4816157 247458.872200009 247458.872200009 247458.872200009 247458.872200009 247458.872200009 247458.872200009 247458.872200009 18914719.3736136 726531460.263335 726531460.263335 726531460.263335 636508630.078693 198478918.562254 6876268.00985763 0 0 0 0 0 0 0 0 0 0 0 0 0
9339059.86997439 9161033.92558695 8988631.97824712 8821610.98229466 8659741.1538118 289172552.900429 289172552.900429 286888779.350791 681521866.665334 701044627.358406 701044627.358406 293757.437000011 293757.437000011 293757.437000011 474654230.52622 455114128.249302 439006715.029054 430376704.63897 252785.840600009 247708.326600009 18075667.5370242 18075667.5370242 203120376.144566 185292317.410144 185292317.410144 247608.802600009 247608.802600009 247608.802600009 247608.802600009 247608.802600009 247608.802600009 247608.802600009 18926179.4252026 18926179.4252026 721443197.802199 384256836.106562 582107841.428931 608030441.770337 110123726.721103 0 0 0 0 0 0 0 0 0 0 0 0
17748302.0681841 9166575.97534332 8994069.73189696 8826947.69509283 8664979.94200335 293935.148200011 293935.148200011 293935.148200011 289347490.433613 289347490.433613 289347490.433613 289347490.433613 289347490.433613 293935.148200011 492503781.730477 492503781.730477 492503781.730477 492503781.730477 492503781.730477 441910458.290075 247758.589800009 247758.589800009 185404407.194977 186612587.194125 187098693.586526 185404407.194977 247758.589800009 247758.589800009 247758.589800009 247758.589800009 247758.589800009 247758.589800009 247758.589800009 218094.853000008 5372596.96486569 0 136015845.837271 568124316.582216 632742727.254483 99993018.2335926 0 0 0 0 0 0 0 0 0 0 0
17759019.6014309 9172111.32640941 8999500.91291949 8832277.95739206 8670212.39805767 294112.644600011 294112.644600011 294112.644600011 294112.644600011 294112.644600011 289522216.519334 289522216.519334 289522216.519334 289522216.519334 782029290.147547 492801186.272869 492801186.272869 492801186.272869 492801186.272869 488649099.742035 467888127.224835 279114.44940001 214882654.311075 219688878.897244 218465321.379814 206822798.683254 195353179.302019 261402.471000009 272180.24000001 279422.72320001 282803.74680001 286180.43860001 227890.520600008 9912.55818000036 0 0 0 0 150338237.822485 588099399.233818 165811243.506564 0 0 0 0 0 0 0 0 0 0
17769739.2963422 9177647.79392388 9004933.18937991 8837609.29477444 8675445.9094682 294290.176800011 294290.176800011 294290.176800011 294290.176800011 294290.176800011 289696977.846299 289696977.846299 289696977.846299 289696977.846299 289696977.846299 289696977.846299 782501338.469485 782501338.469485 493098650.800043 493098650.800043 493098650.800043 493098650.800043 493098650.800043 220225243.52013 220225243.52013 220225243.52013 220225243.52013 220225243.52013 294290.176800011 294290.176800011 294290.176800011 294290.176800011 221845.905400008 0 0 0 0 0 0 66471637.6343825 267445528.568434 0 0 0 0 0 0 0 0 0 0
33073647.1068292 17601989.7606096 9010358.89321304 8842934.18165787 8680673.08874151 294467.494200011 294467.494200011 294467.494200011 294467.494200011 294467.494200011 294467.494200011 294467.494200011 289871527.725803 289871527.725803 289871527.725803 289871527.725803 289871527.725803 289871527.725803 493395755.418532 493395755.418532 493395755.418532 493395755.418532 493395755.418532 493395755.418532 220357934.893047 220357934.893047 220357934.893047 220357934.893047 294467.494200011 294467.494200011 294467.494200011 293810.850600011 101256.397800004 0 0 0 0 0 0 0 0 0 0 0 0 0 0 0 0 0 0
33093522.6206401 32583792.6853238 23986998.7018827 8848248.31770972 8685889.71445278 294644.453600011 294644.453600011 294644.453600011 294644.453600011 294644.453600011 294644.453600011 294644.453600011 294644.453600011 294644.453600011 294644.453600011 290045725.192871 290045725.192871 290045725.192871 290045725.192871 783443340.928429 493692260.189215 493692260.189215 493692260.189215 493692260.189215 493692260.189215 713887974.100611 220490358.364948 220490358.364948 220490358.364948 294644.453600011 294644.453600011 174592.518800006 0 0 0 0 0 0 0 0 0 0 0 0 0 0 0 0 0 0 0
63546387.0654355 63036350.9314073 24001407.8773509 23833781.9186313 8691107.39552027 294821.448800011 294821.448800011 294821.448800011 294821.448800011 294821.448800011 294821.448800011 294821.448800011 294821.448800011 294821.448800011 294821.448800011 294821.448800011 294821.448800011 290219957.901182 290219957.901182 290219957.901182 290219957.901182 783913961.397005 493988824.944679 493988824.944679 493988824.944679 714316812.122877 714316812.122877 220622808.62695 220622808.62695 220622808.62695 220622808.62695 202377.793800007 0 0 0 0 0 0 0 0 0 0 0 0 0 0 0 0 0 0 0
1786055136.79877 1785544794.77567 54467039.267221 23848075.9897297 23685522.4249801 294998.265000011 294998.265000011 294998.265000011 294998.265000011 294998.265000011 294998.265000011 294998.265000011 294998.265000011 294998.265000011 294998.265000011 294998.265000011 294998.265000011 290394014.403276 290394014.403276 290394014.403276 290394014.403276 290394014.403276 494285089.77624 494285089.77624 494285089.77624 494285089.77624 714745216.449732 714745216.449732 220755124.938445 220755124.938445 220755124.938445 127826906.649333 0 0 0 0 0 0 0 0 0 0 0 0 0 0 0 0 0 0 0
1787124362.87587 1786613715.33532 1778001445.58269 54331819.1868729 23699701.8182725 15293350.8127142 15293350.8127142 295174.866400011 295174.866400011 295174.866400011 295174.866400011 295174.866400011 295174.866400011 295174.866400011 295174.866400011 295174.866400011 295174.866400011 295174.866400011 295174.866400011 290567859.457908 290567859.457908 290567859.457908 290567859.457908 290567859.457908 494580994.699117 494580994.699117 494580994.699117 715173100.342095 715173100.342095 220887280.50933 220887280.50933 112223681.761236 0 0 0 0 0 0 0 0 0 0 0 0 0 0 0 0 0 0 0
1788546420.9851 1807114619.9084 1805095937.24338 1768347272.124 71820387.7668725 63671188.8188078 15051481.6155336 15179057.466438 295351.324600011 295351.324600011 295351.324600011 295351.324600011 295351.324600011 295351.324600011 294589.822800011 293730.837600011 294284.162400011 294877.332600011 295282.087400011 295351.324600011 295351.324600011 290686129.071397 187621420.611313 84011741.5603463 179796.908000007 142100646.163458 111362165.143971 322226844.467612 473999916.539044 144873448.257774 61222401.020255 9519884.01350411 0 0 0 0 0 0 0 0 0 0 0 0 0 0 0 0 0 0 0
1808075009.21889 1801875106.23007 1817254759.78687 1791957150.69818 1791798375.95004 1745735864.94773 63306801.5623135 14930340.2023551 14642021.447085 14779074.4457312 14779074.4457312 14779074.4457312 14772167.3699033 14536152.3382185 14411613.7149059 14409647.937493 288140.56020001 288140.56020001 288201.31280001 289056.53900001 289491.54480001 284206392.094901 116143650.228848 53004.7686284962 0 0 0 0 12857725.7323442 0 0 0 0 0 0 0 0 0 0 0 0 0 0 0 0 0 0 0 0 0 0
