Earthquake_v4/ALL_FUNCTIONS/Risk_Data.asc
ncols         528
nrows         192
xllcorner     24
yllcorner     35
cellsize      0.0416666666666667
NODATA_value  -9999
[rows 110 to 131 of 192, columns 204 to 254 of 528]
35735676.1309694 34372700.7296659 49033587.4325383 79664405.4086884 1850322215.60291 1849738289.90022 1848710716.81459 1848213175.95125 75479832.2865045 34448582.946682 27932567.0778524 27932567.0778524 27679652.2086957 25023412.2168297 1791394.56699376 0 5883052.14012543 7406406.24717371 1037307.5642991 25027943.2863044 5768641.54639715 2228343.71515029 11259911.7173038 0 0 0 0 0 6532887.93010962 25802238.2402972 25493658.2353462 28230711.7155225 28414730.5826092 313021328.165337 316109542.289013 545932982.615704 545932982.615704 546037745.772291 46848764.7928696 46585321.5707558 48542200.2060191 48286693.664892 48473864.2997685 50027429.4322467 45952399.6258272 42224090.7050549 44155087.8186888 46962893.4913819 48245201.5993261 50682207.6705212 49051167.0319425
35224264.2531462 49819800.6106855 48551683.1955916 79200139.8035742 1850898202.91772 1850313940.96387 1849305265.88634 75984462.738953 43730298.7396375 34016828.0786727 18155375.2717013 27514505.6271543 27277971.2672397 27277971.2672397 15956905.5990674 52919.989402622 17943318.5211046 20860543.6442207 835866.386723306 11923169.788944 19349636.8533051 623295.322181612 24646931.4161128 22588629.4929223 3010269.39480057 0 0 0 0 0 0 0 0 1830712.68125868 16561533.3464741 537745262.302476 544804571.832844 545694950.170511 546080307.584713 545816712.655057 46356494.718478 46108454.8275017 46526171.6248027 48261042.160876 45454866.3371467 40170606.1429926 41481477.3516485 41875849.7058445 43456016.3073787 43694409.5824011 43525745.5408994
50170265.9982209 49338017.5211453 79449239.6643966 1852598380.05274 1851492321.41648 1850907723.46587 1849916910.44323 75576308.1453302 43755447.1061531 18165816.0426249 18165816.0426249 17747955.721654 27112468.3143109 26891474.6288544 26504164.95716 22723142.9938019 16170235.5625944 26710187.6962172 15871547.4174494 2928.87567069165 25625343.7493434 13613105.1414981 29776910.5062459 26596893.8426588 15897527.2874745 1107736.95958708 0 0 0 1035270.73714218 9241861.48962635 31825634.2159011 37339296.42531 40743263.2711599 41178402.8818887 42142939.1127988 42227474.031058 544474879.018214 544581816.005791 545874522.262836 44399969.2187306 44801285.2751298 44560410.4457728 46078167.5236862 45851039.0992212 40988028.3692625 39631883.7452119 39831495.049656 41153269.3646967 41547868.5465478 41379107.4960409
80726762.6533705 111271473.136499 79024295.9134725 1853191585.40851 1852555455.48123 1851518410.75213 76118104.0332074 43807622.1079038 43345926.2475298 17758146.6665957 17758146.6665957 17355732.1105917 17355732.1105917 26338089.7762465 26519383.7513715 26333046.0546836 26333046.0546836 26203845.1026334 28532100.5037703 18318923.5661685 29303953.5224272 25310798.8219943 29427855.6340503 29074178.3287453 24873315.3518897 11746451.1136824 1160897.56520689 15379009.5396983 12987992.255964 28233622.3921769 29155652.0149357 29163466.5833809 39750846.7584185 40069481.2403498 40119317.9163621 40648998.5995364 40992391.2610389 543502020.064975 543246072.604725 544390264.583255 544390264.583255 43020856.5345792 43950456.2020122 44124743.8595378 44542940.672333 43480645.6249946 37923755.4391217 38018639.285557 39680718.2688806 39511860.3263639 39347609.118674
1288148855.18881 3063195041.01333 1885532218.36542 1853802512.37657 1853166017.45987 1852145853.42574 75726883.1879492 43414417.2624289 27498552.7328274 17365690.2316287 17365690.2316287 16977935.812678 16977935.812678 16604320.5960904 25979586.4480147 25800804.4342485 25987975.0399919 26704869.7008313 29241143.652398 29087494.4283735 28954407.2618625 28954407.2618625 28841609.6245826 29090864.3191284 28748886.499584 17216891.2224848 2843615.88280317 28607327.3722542 28589856.128685 28875933.7227219 28576400.1018097 28582780.0541678 28890132.7283841 28609115.2404115 39539109.5629996 39869992.3287943 39605943.0375265 40495773.60211 542049325.812135 543309380.054212 543068228.584679 41403187.6054924 42811416.2538445 42584026.9766671 42764890.0066643 40288463.0406514 36739658.7543254 36565913.6094613 37871495.4721721 37707150.0348279 37925807.7601422
1287599815.48334 3063735909.55341 1885916859.18425 1853791531.52635 76310114.4904111 75891534.9043275 43938236.5276454 43036389.5606059 27111415.6014163 16987653.1177353 16987653.1177353 16613824.0628418 16613824.0628418 16253437.905043 16253437.905043 25286466.2253904 25467968.0437176 25463966.2382607 27090601.281738 28511630.432797 28737576.6300974 28616904.2404419 28274730.5972057 28515951.2935121 28434536.8218518 28073887.5135207 23237447.005401 28329869.0556203 28329869.0556203 28306522.1413458 28302526.3597374 28302526.3597374 28317968.7505771 28352990.9628677 28352990.9628677 28407790.3827045 39041309.0007208 39372381.2369606 541556920.043021 542118425.096711 542241347.53136 542241347.53136 543288738.495171 40978336.0260404 39746816.8237765 35259344.8213666 35268524.1539692 36069250.9470673 36253350.1763334 36253350.1763334 36456575.5409884
3065812860.44898 3065052707.21212 1886560046.88183 1854432919.92231 75934938.2555142 43560259.062594 43061002.6288784 26738722.7324252 16997368.5764494 16997368.5764494 16623325.7238803 16623325.7238803 16262733.4565728 16262733.4565728 15914931.2017888 15579299.2814752 24965295.9624381 24822858.1736925 25582120.3020582 27915667.5540452 28173634.8477577 28057340.9972312 28290884.8866261 27959883.9881477 27881093.7759961 28130633.6880264 27820850.6293018 27779084.6285613 28046178.47584 27755775.4640364 28032291.5825273 27750952.5315075 27764695.3282811 28061485.5928978 27797134.1549617 27848451.1317191 27918881.541392 27918881.541392 28008715.5154889 38670298.4759899 541390503.687005 541162854.212625 542102331.76778 537807192.491467 464923599.420942 33780179.5347697 33932753.6065801 34620158.6501419 34955011.8614811 34794920.4724265 35958177.8322105
1888674013.54752 1887913426.31299 1856129266.52976 76161229.3268448 44125635.389954 43196709.2342124 27216742.3582808 26753988.7862516 16632816.5506416 16632816.5506416 16272018.4088421 16272018.4088421 15924017.5818227 15924017.5818227 15588194.0377352 15588194.0377352 24655321.0882956 24655321.0882956 24523850.0420563 25143124.6697924 27628099.1711235 27515967.6508457 27742172.0292245 27655517.7408376 27655517.7408376 27587054.1248949 27536688.9228397 27536688.9228397 27504377.8426005 27222878.1450456 27490124.5047453 27493980.6733818 27229478.2889637 27516046.7754343 27556472.7149963 27307578.9192141 27615458.9926485 27373893.7212822 27458725.9658998 27458725.9658998 530225479.623171 530004186.617621 536087067.655087 476457804.408539 450523848.307667 32877148.9593004 32877148.9593004 33787504.8980999 33627322.0818061 33471419.5049444 34658889.0657931
1858240770.29433 1857479749.39252 1856784017.23491 75816013.1583807 43762153.3503518 27732086.9463172 26857790.8464578 26394773.4242483 16281296.2949377 16281296.2949377 15933097.0468034 15933097.0468034 15597082.0247743 15597082.0247743 15272668.7402709 15272668.7402709 14959309.8202139 24356019.9977539 24053200.6408129 24293220.893102 27176135.2887942 27312487.0963397 27211156.150713 27127352.7843901 27127352.7843901 27060944.5495592 27302578.6979714 27011844.0419331 26980008.587894 27238413.7243648 26965440.1899474 26968185.7311719 27245017.6348597 26988337.4415615 27026033.63247 27026033.63247 27081459.7075762 26846793.6874271 27154849.4621795 27246486.6857914 27025067.3923854 26542839.7767636 456347295.192596 441401802.797925 450313480.445225 450611340.209249 31752069.3831693 32570895.9741652 32414904.5208707 32414904.5208707 33338635.1703525
1858537225.32285 76497489.7137281 75859175.7334099 43999326.3650581 43412384.4576301 27373192.0271125 26511871.7889635 26048590.7677736 15942167.8679674 15942167.8679674 15605961.5502873 15605961.5502873 15605961.5502873 15281363.5750814 14967826.2576472 14967826.2576472 14664834.5035725 14664834.5035725 23773963.2669261 23773963.2669261 25155674.9842405 26989669.9717188 26697002.8997575 26916310.8864404 26842383.5215285 26551483.6007645 26785427.1074037 26745378.1593007 26745378.1593007 26722216.3563467 26457412.5863474 26715964.6102098 26726689.3819358 26477511.9856781 26754501.2512401 26799555.7449666 26492478.3440908 26256308.2898145 25582792.9098424 26080972.241592 25636925.1116969 22690262.6299628 22157089.7513088 441196752.296066 441196752.296066 441318785.441211 441158420.084226 450386556.761918 31453696.3088104 31611567.2321073 32133428.7412444
77237481.2104335 44663004.5167187 44024327.8311789 43437052.4093673 27027331.4979981 26526936.4665186 25714796.7499075 15951226.5877882 15614829.2296637 15614829.2296637 15614829.2296637 15290046.8101503 15290046.8101503 14976331.3333381 14976331.3333381 14673167.4121258 14673167.4121258 14380069.936149 14380069.936149 23503984.1972651 23229674.8735321 24474639.154797 26411559.1543006 26411635.0210265 26340002.3458846 26566593.3450061 26284612.5178519 26245405.0221887 26456626.851918 26067369.9444226 25914308.3521328 25959766.4582932 26193589.3357558 25901681.2990763 24905871.3234525 23978623.3473689 23292560.5064724 23281023.0890419 23085182.5124591 23373012.6219078 21955682.5284695 21903365.5262551 21733831.562631 441171128.286143 441006219.500374 441122159.753604 441122159.753604 441253002.092625 441100963.673241 441251104.74134 450342456.877538
76906194.019589 44326724.8043024 28172011.3400898 27584402.722139 26693872.4776543 26193193.5424266 25392798.0615059 15623688.4475139 15623688.4475139 15298721.7596896 15298721.7596896 14984828.2934987 14984828.2934987 14681492.3694305 14681492.3694305 14388228.6018887 14388228.6018887 14104579.7600194 14104579.7600194 13830114.8043614 23242854.44452 22977166.722996 24432856.020611 24776275.6329541 24449130.8646861 24128208.5512449 23479505.3875459 23319571.4718673 22983455.7986996 22738895.6253417 22952737.0601329 22953435.3584428 22777259.7133404 22975236.9886673 22760541.5257131 22997184.2306082 22795488.8791234 22844527.9415605 22907848.0633954 22907848.0633954 21818542.597844 21489275.8785363 21746162.8847875 21581160.5332016 21687082.229398 441095889.672587 440939632.11094 441064061.010338 440915919.377554 441203093.515503 441058791.974965
44351830.9133278 43363439.1457115 27251035.4077578 26708991.557074 26372212.701392 25871250.1878017 25407180.2284584 15307386.7665933 15307386.7665933 14993315.5150231 14993315.5150231 14689807.7852369 14689807.7852369 14396377.916722 14396377.916722 14112568.4196547 14112568.4196547 13837948.0104385 13837948.0104385 13572109.8066696 13572109.8066696 13314669.6668887 22732740.5664392 22665561.7732564 22423848.7768945 22611873.9553863 22571611.1709019 22571611.1709019 22544739.7099154 22751774.6547581 22531258.0470036 22531196.9667825 22531196.9667825 22544619.864614 22571623.22585 22571623.22585 22612337.2890864 22421797.3897687 22666926.9004859 22481696.6833631 22482634.3941545 22188625.7944297 21802858.3645495 21195381.6911352 21432747.3910994 21276401.312208 21390810.6468554 21242585.0942875 440888980.338038 441021307.298431 432115415.934463
44027758.2181329 27517772.0262233 26929497.6524596 26387146.8512707 25560565.7784003 25096233.0238831 15316055.0877089 15001805.9827595 15001805.9827595 14698126.3815427 14698126.3815427 14404530.3485241 14404530.3485241 14404530.3485241 14120560.1348111 13845784.2125783 13845784.2125783 13845784.2125783 13579795.4690112 13322209.5451174 13322209.5451174 13072663.3061363 13072663.3061363 22254217.6297283 22436547.0332859 22202068.7165923 22390200.3706451 22356978.849314 22136337.3666338 22336864.9421726 22122720.1119534 22121962.2241179 22336045.9395329 22134122.0688348 22355462.6409947 22159288.9407586 22197583.6653204 22197583.6653204 22249159.3745465 22068934.1415352 22314202.4650612 22138894.0860919 22222358.4201511 21828390.2374216 21031269.1497088 20878972.1148805 20987840.6929495 20987840.6929495 21110146.8074517 12199213.267112 432083196.311409
43075330.3165197 27207788.8214187 26619182.3335254 26076525.3446505 25260569.6460999 24795974.7494981 15010275.3501174 14706424.3046022 14706424.3046022 14412662.5200293 14412662.5200293 14412662.5200293 14128531.989081 14128531.989081 13853600.9403102 13853600.9403102 13587462.031064 13587462.031064 13329730.6853579 13329730.6853579 13080043.5634208 13080043.5634208 12838057.1510477 12603446.4580861 22032170.7003938 21804628.0588109 21987060.3976258 21954532.2153575 21954532.2153575 21934568.8531142 21927182.1876579 21927182.1876579 21932413.4539692 21932413.4539692 21950333.5803588 21759578.1499668 21981043.6813933 21795603.9392974 21844348.7334469 22081393.3021626 21905985.9517142 21735314.3243971 21814609.9990106 21813907.0530267 21084920.9191108 20494170.5979329 20742366.7291334 20597820.1381063 11939178.9237458 11939178.9237458 432060219.438688
27223143.4311293 26634204.7654558 25776637.5685102 25274825.3502488 24505945.738656 14714723.8179113 14714723.8179113 14420796.2500188 14420796.2500188 14136505.3711115 14136505.3711115 14136505.3711115 13861419.1660734 13861419.1660734 13595130.0623698 13595130.0623698 13337253.266982 13337253.266982 13087425.2350896 13087425.2350896 12845302.2586266 12845302.2586266 12610559.1640338 12610559.1640338 12382888.1096393 21596042.780049 21596042.780049 21564191.4267357 21752535.5230503 21544390.6734232 21738802.6920387 21536650.804622 21541009.5964168 21541009.5964168 21557532.6199114 21586313.6889092 21586313.6889092 21627475.4563677 21451969.1154591 21681170.1657113 21510402.2205245 21581375.7035272 21581375.7035272 21665112.1047566 21478264.4779958 20696183.7423669 20361106.484402 11440111.1010272 11688447.279364 11688447.279364 11688447.279364
26334414.5017635 25791145.6656385 25486952.0272405 24984857.3694827 24519738.6408548 14428912.8366802 14428912.8366802 14144461.9477764 14144461.9477764 14144461.9477764 13869220.9134915 13869220.9134915 13602781.9318929 13602781.9318929 13344759.9933852 13344759.9933852 13094791.3485311 13094791.3485311 12852532.0958122 12852532.0958122 12617656.8786487 12617656.8786487 12389857.6821037 12389857.6821037 12168842.7205093 12168842.7205093 21393690.5630811 21393690.5630811 21368066.5931881 21165800.9268044 21354251.0305221 21157745.2678918 21352266.7091747 21362163.2092356 21176514.3833239 21384017.2142838 21203486.9147769 21242327.8860738 21242327.8860738 21293179.0604411 21126880.6529679 21356210.7065057 21194310.7496577 21273961.6239102 21273961.6239102 21362607.0287489 11517442.629356 11206768.2926836 11446549.5360898 11446549.5360898 11695025.4767369
26044863.4456364 25501289.0086336 24704653.4756889 24239273.1073569 14437029.4233415 14152418.5244414 14152418.5244414 14152418.5244414 13877022.6609096 13877022.6609096 13610433.8014159 13610433.8014159 13352266.7197884 13352266.7197884 13352266.7197884 13102157.4619726 13102157.4619726 12859761.9329977 12859761.9329977 12624754.5932637 12396827.2545682 12396827.2545682 12175687.9671074 12175687.9671074 11961059.989668 11961059.989668 11752680.8359616 11752680.8359616 20994966.394161 21177707.1639148 20981090.8623973 20978569.0406697 20978569.0406697 20987446.6470757 20987446.6470757 21007794.7951478 20832090.8906152 21039710.4465645 20868750.2716555 20916925.0423483 20916925.0423483 20976773.9673518 20819024.3166578 21048483.3734877 20894822.8719127 11654136.8851696 11613954.1366387 10989098.558216 11213073.1406202 11213073.1406202 11452989.2832443
25221185.7937618 24718526.5824133 24433755.857862 23968114.1512547 14160365.9345433 13884815.4201394 13884815.4201394 13884815.4201394 13618076.855421 13618076.855421 13359764.7978894 13359764.7978894 13109515.0891082 13109515.0891082 13109515.0891082 12866983.4408777 12866983.4408777 12631844.130788 12631844.130788 12403788.7975713 12403788.7975713 12182525.3274766 12182525.3274766 11967776.8238845 11967776.8238845 11759280.6531052 11556787.559871 11556787.559871 11360060.8468025 20810029.5817172 20618844.3474389 20801687.7368192 20615830.167972 20623758.8771918 20623758.8771918 20642696.4651928 20471640.2861588 20672733.1480875 20713983.9016875 20713983.9016875 20551901.9050664 20608750.8852248 20608750.8852248 20676968.6246028 11193514.7828459 11423102.6943475 11353818.759179 10987855.5852808 10987607.7455357 10987607.7455357 11219370.2809188
24950397.0124417 24447455.9581557 23705848.147827 13892600.6892124 13892600.6892124 13625712.5631613 13625712.5631613 13625712.5631613 13367255.6690717 13367255.6690717 13116865.6443224 13116865.6443224 13116865.6443224 12874198.0076698 12874198.0076698 12638926.8540702 12638926.8540702 12410743.6493565 12410743.6493565 12189356.1159886 12189356.1159886 11974487.2020897 11974487.2020897 11765874.1267106 11765874.1267106 11563267.4948252 11563267.4948252 11366430.4763367 11175138.0437668 11175138.0437668 10989176.2638735 20444443.6323783 20446554.9177171 20446554.9177171 20459421.5518896 20288269.4609967 20483118.8131085 20316540.0712474 20355572.8100895 20355572.8100895 20405498.6981641 20405498.6981641 20466473.2932727 10977702.042706 10977702.042706 11180928.4751246 10747530.5261171 10769777.7516376 10769777.7516376 10769777.7516376 10993768.5132112
24185283.5074606 23719119.8778678 23452082.3343769 13633340.9246366 13633340.9246366 13374739.3333354 13374739.3333354 13374739.3333354 13124209.1276151 13124209.1276151 13124209.1276151 12881405.6333739 12881405.6333739 12646002.7631103 12646002.7631103 12417691.809924 12417691.809924 12196180.3326432 12196180.3326432 11981191.1242836 11981191.1242836 11772461.2567778 11772461.2567778 11569741.1954759 11569741.1954759 11372793.9776917 11372793.9776917 11181394.4499649 11181394.4499649 10995328.5592833 10995328.5592833 10814392.6939089 20098953.9741517 20098953.9741517 20110754.3964041 19944082.3953619 20132955.8569923 19970692.1878074 20165650.6264163 20007635.4742095 20055034.6139201 20055034.6139201 10768920.0616891 10768920.0616891 10983847.9142677 10665543.3775394 10349841.8399567 10559228.6385217 10559228.6385217 10775806.8355596 10775806.8355596
23465186.9551071 23465186.9551071 13640959.0013411 13382212.9079131 13382212.9079131 13382212.9079131 13131542.7102176 13131542.7102176 12888603.541555 12888603.541555 12888603.541555 12653069.1322114 12653069.1322114 12424630.6027865 12424630.6027865 12202995.3486975 12202995.3486975 12202995.3486975 11987886.0080616 11987886.0080616 11779039.5058915 11779039.5058915 11576206.1681018 11576206.1681018 11379148.8995957 11187642.4211008 11187642.4211008 11001472.5599959 11001472.5599959 10820435.5907681 10820435.5907681 10644337.6211389 10644337.6211389 10472994.0202781 19772076.1890039 19772076.1890039 19792872.4666537 19792872.4666537 19823748.0191756 19669742.8910021 19864810.2690333 10365421.5947099 10566852.3484176 10566852.3484176 10774937.5492227 10364734.0702113 10152990.4635591 10355625.4933563 10355625.4933563 10565129.3005373 10565129.3005373
