Earthquake_v4/ALL_FUNCTIONS/Risk_Data.asc
ncols         528
nrows         192
xllcorner     24
yllcorner     35
cellsize      0.0416666666666667
NODATA_value  -9999
[rows 22 to 43 of 192, columns 204 to 254 of 528]
0 0 0 0 0 0 0 0 0 0 0 0 0 0 0 0 0 0 0 0 0 0 0 0 0 0 0 0 0 0 0 0 0 0 0 0 0 0 0 0 0 0 0 0 0 0 0 0 0 0 0
0 0 0 0 0 0 0 0 0 0 0 0 0 0 0 0 0 0 879189.026352744 9889327.21503625 14572055.2251572 12805978.4210594 9535056.85265218 7604219.94754301 5271462.31549291 1584535.83883199 0 0 0 0 0 0 0 0 0 0 0 0 0 0 0 0 0 0 0 0 0 0 0 0 0
0 0 0 0 0 0 0 0 0 0 0 0 0 0 0 97948.6452687699 8173136.70781677 17623421.9654393 23760833.7698229 26709125.8519352 26864702.4508388 26644956.7978083 26450085.5235085 26103861.2406289 26525021.1039252 25761368.2742142 21754780.3946463 20307951.4144637 18829019.112401 17212105.3864548 15168457.3221523 14256820.7791064 13215512.6789518 12782436.035347 13399581.4162478 16181623.5896997 18163080.9188042 16876211.5088453 15926186.5829071 10203061.1325255 4073154.24602715 2066332.43452013 0 0 0 1581711.46800886 8186600.20455552 12883717.816353 2779446.77616813 0 0
0 0 0 0 0 0 0 0 0 0 0 0 4784448.37103327 15828490.73206 21425489.7734332 25835867.2858819 28170669.6446204 27845602.7703147 27550405.2612106 27860038.8081256 27458635.8733819 27238746.4382685 27043747.6574839 27219279.7946861 27055757.5841329 27568458.7296506 27452071.2706968 27150680.2498699 27070391.2862503 27011894.3362074 26975054.4546557 26959839.6750827 27208965.9610844 27709373.8476464 27737727.7024171 27788236.8150169 27861295.0022239 27957411.8710283 27758773.6391203 27886033.1678141 28037363.2663899 34799605.2024382 31757242.0963506 26933835.6402945 31360936.6191933 36484583.0546734 38562655.7536667 38945656.1427276 38922688.9220105 32766617.8280475 31476368.1014298
0 0 0 0 0 0 0 0 0 1687559.99724365 8355416.75116625 19419754.4194871 29272020.6248346 30066873.1300611 29646394.6300307 29261447.6651582 28765802.6412291 28440523.4344024 28145133.1033375 27878236.8862075 28693092.603499 28460080.9755502 28253654.7884033 28072923.2324898 27726246.1106781 28330004.2842849 28213540.8014548 28421564.8960551 28337374.3093452 28276374.398352 28000441.9366565 27974190.5052776 27970276.6963191 28841531.3651733 28882797.2543568 28947130.6059515 28732193.6161786 29035006.9366112 29147026.8042901 29283923.4048297 29446571.8786778 35366642.9119026 39658431.6137647 39949953.488503 39734928.8105564 40071802.9972286 40448227.1058406 40866593.1747774 40679592.0969471 41148822.6916646 41665501.110828
0 0 10556952.2291031 15200580.2722657 11551914.9027095 18132122.5813511 24540045.3602998 28986392.4050728 29919728.8019782 30883125.4737337 31586120.9083634 31043970.5066213 30545045.4949877 30086479.2390795 30318968.0444404 29933770.0620431 30078092.4223181 29732072.0926615 29418140.081016 28972609.2346332 29455825.6774101 29222662.1064303 29016101.3122039 29199268.7739693 29026264.7139705 29731948.4907956 29609224.5146454 29293353.8735465 29209108.387547 29148068.699525 29110089.5939717 29095139.3289814 29356667.894222 30363748.8254108 30120787.313073 30175880.3507231 30255035.706691 30358819.8848586 30487934.9375748 30289037.3425836 31960345.674524 38850875.6850201 41696109.675198 41473032.3638063 41802597.12869 42172097.5438587 42784372.1829444 42583905.5082504 43040715.927934 43545586.5941273 43364676.9363254
66444229.5039703 87929258.83866 133967915.945441 135407144.833012 111769907.376429 38607683.1278912 37696260.8174896 38231149.2450831 37398258.9461889 32311769.4842984 32380599.7615351 31842456.4391111 31347788.6602694 31481792.7664619 31638249.8675005 31222294.4760147 30842186.5990819 30495940.9406368 30181804.4961515 30344055.6642608 30920919.4522629 30673567.891685 30454665.8481125 30072094.754799 29898978.0343816 30737970.4389429 30615166.5448194 30516770.9329273 30744432.943205 30680740.231733 30641612.7990666 30365320.6017217 30362445.4592712 31533467.9542892 31578766.6476316 31648685.2403656 31743753.0090836 31528535.8040073 31657734.9365768 34624336.0140281 41321169.0610422 41679993.4935519 43717561.5509286 44031096.7975762 44385386.2274516 44782754.5351569 44574983.5415766 45025256.0413203 45523938.3998789 45336693.5609778 45893454.3073867
142757114.3291 143900872.482818 139701547.889082 137557844.615055 137299545.863862 45560096.9357737 39156184.1693402 39061152.4113021 38220065.2543238 38192829.9034562 33852179.4322792 33271325.5909532 32737417.5382232 32247250.1019181 32652349.875048 32796860.1020108 32391611.5791076 32022830.9485673 31688573.7592676 31218148.5191054 31928322.7711452 31680810.4094256 31461766.0595027 31270207.7141206 31469798.4010856 32464432.1886918 32334899.6719871 32003585.235603 31915113.432098 31851379.3145408 31812226.4454682 31797623.6340346 31807665.3385186 33196635.5372057 32953357.7580321 33256762.9719283 33342598.1958681 33454772.0640496 33594066.1698774 40844105.5440061 43720695.0896708 43986451.5617364 46389785.2749879 46735973.1174688 46512605.4431361 46910232.090173 47353618.8598711 47845785.6427023 47651897.817573 48202799.0911401 48809515.4242218
148553529.76769 145727207.615225 145375255.341984 143806766.822115 139939874.813833 74654955.7633515 41022929.3955131 40802391.7101233 39909363.3528854 39083508.3654651 33998929.5771792 34147854.6470346 34277207.8990533 33747778.1581041 34250313.3567379 33806102.8044093 33400591.0966186 33031570.9649325 32697096.6954026 32395458.8464922 33723004.366201 33460128.8477644 33227736.9915698 32825025.3803459 32641677.271362 33840457.3184939 33710840.6780932 33607269.0331302 33529379.9356877 33476944.8044232 33738983.8739197 33449867.0758169 33448181.886712 35083915.4871887 35133655.237377 35209703.2064096 35312649.541226 35088357.1509977 35227741.7200726 35606134.5284867 36060620.0501541 36133005.9957814 38658006.7025943 40594384.4552986 42331582.6506003 43164676.1393337 43045085.2597418 44833426.8358359 48815841.4410324 51710927.011408 52394374.2460643
155952853.618945 150694494.105825 148094184.359015 143900005.326161 145816484.124869 143791717.654401 101034594.696016 44972977.3469266 40941976.5794013 40911200.2999911 40089178.3215663 35994476.7609953 35422287.9730412 34897596.0397051 35569412.5765213 35130554.0984239 35130554.0984239 34730728.5980217 34367749.3454227 34039693.266213 35100696.0170635 34837650.0073976 34605107.4305295 34401984.4760068 34227368.9539186 36058377.6042212 35921519.4298039 40433810.5288529 40340818.7752743 40274226.8946355 40233866.1718054 40219706.3716052 40231856.235108 42213335.4308035 42278999.2255868 42035405.5685763 37278321.8039746 37408995.6556963 37568239.7100461 37757140.3408856 37976975.8468769 37976975.8468769 38229234.4182007 40889620.6012379 41212140.3026885 41573041.2883862 41407439.8646266 41815101.6243884 42266401.1604695 45963165.7012028 55470265.1925281
158006771.655204 157568825.863471 154893810.094244 151074937.447124 149418582.183515 149149469.821282 148236519.211849 106205855.28239 42816916.5941411 41926893.3556527 41104339.5277334 37170698.595381 37305050.7937087 36737576.2621894 37574597.0616047 37099558.7348185 36666369.3708563 36272569.4577946 35915994.767809 35594747.0350538 36921116.2114512 36921116.2114512 36665770.8599913 36441423.2714625 41110267.4794401 42888975.5611233 42752028.8392605 43255188.1492248 43173491.3045959 43118972.5889755 43091529.6119926 42802038.1232035 42814195.8476861 42852930.2900016 45294157.6266131 45631132.8845288 45130440.3241858 45271668.1615539 40183843.73522 40364530.8415933 40576612.1814588 46107965.2520146 46387448.7784002 49655373.4007441 49477162.6368045 49838297.1260025 50240424.1512558 50686494.3937623 50532105.6030021 51030744.5492299 55905727.2082893
163804065.769274 160642111.445724 162733947.477325 157856260.955439 156262057.22568 152135190.435734 151671218.552297 122157773.974875 45039599.2392772 44092471.6404686 43218519.477073 48606698.1327774 43526757.1365414 42819388.8663136 43914366.9528349 43439021.4742376 43595510.9527108 43168329.8341611 42780919.0003421 42431138.8938105 44062402.205493 43782514.238499 43701256.3745811 43485626.6801641 43913198.385455 43757786.4852465 45769407.2701016 45660213.2573781 46327131.8022336 46589680.119767 46548078.3818479 46534471.7102785 46548985.3208781 46591900.9396521 49617510.4728107 49363154.6077519 48726148.7517346 48867467.9046684 53716616.2915808 53920493.6264639 49291300.210307 50353707.4547799 50161525.3762693 54221979.2325882 54576934.6205747 54973223.9796237 55413780.4021552 55253766.9311365 55768434.6410543 61136994.2443634 71999937.5874187
171763170.601422 168157344.901386 162839033.143259 176714879.703386 175569505.469996 175936451.964888 175713686.228967 133354874.157386 69890566.3934199 83708116.9693961 65686654.3446406 50846269.9150093 46517226.9197136 45908029.65606 47297373.6092183 46788637.3296907 46325238.2775629 45904429.5092171 45347237.856568 44997232.0529859 49552534.8953257 51651057.1644539 51424636.7160715 51208867.8857172 46723878.9885747 47297824.0355824 50108734.7437717 49993648.5206504 50838818.3310996 50782108.4067542 50464801.5111932 50451186.0598553 50465709.0354215 50508652.3456743 54327140.4336521 58790737.3800041 58922279.227388 59085057.1646698 58901776.5506786 59105785.438247 58730056.9281073 60004743.7346876 55444498.2246996 60656989.3622578 60656989.3622578 61047117.686144 61481856.7701452 64873998.0978546 77291318.8051846 79908699.2285425 80684837.7267226
190272433.702177 190604669.153527 187710237.699975 187753235.835606 182893080.667526 182325220.853995 180786480.868176 168722768.138712 165305255.92202 167159152.336165 163289047.078752 80013990.2287217 49219108.9654242 48609518.7295495 48051964.3045526 49923025.0389272 49459327.0639992 49038246.8463816 54087588.3177386 53714156.2509524 53992724.8442389 56652208.6370145 56414749.182652 55966903.8172547 55167866.5099341 55924080.3808571 54821689.597392 54706529.1361078 55801511.7472009 55744765.2412267 61013645.1328559 61014877.734246 61045342.9660004 61105424.5457309 65706846.4757674 65418645.7799764 65550272.4804912 65947504.2520022 66204941.8166299 66425264.6206361 65931890.9518251 66914595.0872756 66714664.225402 68689927.8128923 69073550.4640258 69502149.1015825 71463670.7875831 90916210.2812927 91640236.3557059 90713789.1070314 91563193.7961199
199064946.213177 195622189.86517 193176336.260958 187873941.382951 188376568.275808 186101273.442892 175700227.760289 176583004.649763 173122699.296287 176026197.274414 173090638.480584 121973491.86126 62028184.7264682 56949440.6959855 56949440.6959855 59357061.0258646 58853969.4957356 58396629.6853132 57982317.2303343 58222509.0939172 58637509.6562025 61190292.8436418 61859242.9655271 61629919.2940361 60708792.7732468 61725602.7652206 65869346.7777658 71066331.6163289 67541761.1273097 67484978.1042847 68566655.855685 68553720.8695016 68570897.4049968 68618503.8205868 75207615.7354843 74787452.4329515 74930091.7642659 73924755.7484196 75438827.8958002 74281532.1569617 74537957.9414004 75823852.3476279 75544241.9108288 84949560.3885643 80495870.4687778 80317199.4019103 81482773.1142572 103443124.293226 106701319.326885 105275461.350014 106206001.591055
204535319.877394 207352448.939008 204144186.458148 191961959.185012 187643358.643515 187993308.431784 183865010.103973 186163537.236124 182670963.144158 189995237.539215 202066447.338926 199078891.366548 137185454.434092 62459428.8012648 61860688.4530852 65068616.0141845 64571861.9002537 64121271.3372698 63714146.7184527 64098729.5461425 63571145.5397891 67936759.1431674 67673407.4819419 68626256.5839023 67954310.0540494 74606696.6283283 80242982.777644 80320357.8512776 82282053.5998535 77510392.8936478 78486614.3206643 78489624.4092594 78523944.5730952 78233518.766642 87346477.5292097 86708612.4369771 86851343.466922 85492756.0780071 87446894.2722604 86512329.4715969 85865680.86522 88609165.687101 87658378.381423 87421110.0055166 96101238.864925 96572310.5150535 97095844.3229519 110720715.647548 128076606.653473 124726357.011661 125657495.525229
212280873.948381 201088237.504823 194689579.151323 192457051.668952 200725088.545529 195871681.130981 197521132.148985 200889595.017966 212392365.374894 218201246.618721 216946405.738266 214023024.262799 185664799.70612 68490449.1280212 67891324.7947894 72221565.4528333 71724492.7597983 71273613.2233904 71458087.3896215 71058602.9891955 71634059.6694444 77534248.9299907 77253833.4719056 77402965.4281955 82500968.6670911 83226664.3632768 92906049.7939239 92058917.0064856 95227165.1009744 95168074.0776668 91728990.2635117 91732002.282562 91766344.4566304 91832449.3297416 91930942.5541667 104104496.735055 104270467.047149 101972592.95097 104602480.319271 103314484.956981 102417673.207239 101811099.41453 105697485.934592 105361930.032683 125582192.97545 121217563.104828 121217563.104828 138888608.401608 159484807.652642 155821369.727607 156835800.155924
212732157.501468 209345562.952375 207237090.654066 201436731.349112 205845066.394797 207102647.994882 225384632.00153 221313005.840803 228760384.754772 225322996.228244 233852358.065622 159896793.388109 84977962.3749341 77139873.8044249 76489540.2114031 82419464.1375018 81879438.1458084 81389099.1655147 80945394.4022978 80545653.9681169 81371387.9647013 89651301.6742573 89370706.4949598 95006794.5938163 94797783.6026362 97121819.7168594 97083800.1853398 110128600.813266 110631736.601229 114136204.696039 111150546.483068 110832218.552849 110866582.737209 110932729.977581 111031286.327376 129823703.878172 129989780.562412 127587187.244937 125761510.485643 128011788.894896 128321534.596113 127491346.513399 131802140.263016 131458849.287712 165868488.254011 161494286.341501 162062793.463504 197242499.19022 205743954.245471 205534703.162381 201965773.481993
221130678.445013 214120927.218516 212011105.594444 211275918.395831 218286893.950549 236174326.303811 231733406.926291 243319829.977613 253361754.762045 249634642.439008 153924430.533337 83608973.8565013 91964230.3293142 92297939.0392624 87167598.5368477 95632447.0152481 95099132.3086597 94615948.1221628 93987248.9647977 93587252.7690599 94766798.3171568 91694392.9646644 111945054.670926 112565885.360573 113150536.637063 112496327.657507 116662255.745631 136047195.429952 138084080.685223 143720123.932407 145518971.362173 140802341.992933 140840984.330465 140913715.314658 134597268.639479 169329551.583623 174413564.218636 174604833.693249 171982896.177999 175652095.10057 174424161.616822 167618541.862716 177272633.931516 176788642.481493 243880119.027965 252439333.806728 301428312.606547 321375537.434983 300704952.002835 301713452.641264 295720899.623452
228394784.523462 225585240.436098 230132105.445376 229878062.674231 240157339.892741 250150917.975989 256514951.495447 266195669.939277 277399736.33108 262748003.468596 93957029.0001613 94134669.3981715 102265853.028247 106959964.013696 101826346.61141 101239070.177289 113875769.231572 113392276.421081 112955920.670544 112564062.82406 114831233.055803 115801438.298401 138764239.684262 136542890.772113 139488462.002277 138859611.967954 145124798.150973 180209672.104794 181634614.759926 191747164.979158 191124028.16841 189927810.017261 189966477.036775 190039254.4764 185224583.081894 252750271.753725 255457559.451417 251528088.515652 251786767.810899 258494227.397022 256211219.151359 251531430.188213 268773520.514481 262310503.078461 428853650.820731 635442556.577985 730260205.403388 721507547.669853 669979946.297451 656804963.99078 573688665.265292
248560057.141033 245902064.394099 238894186.814619 238639981.859694 255604035.965617 274046102.669663 283325573.871031 294168937.057489 293027661.171209 310039478.544175 110326907.810147 108807150.625193 107880211.286121 129343112.100335 124150433.135953 123511859.068077 143353738.734393 142827220.802912 142351340.913782 141923105.824474 138181541.77354 143161604.112961 174280848.102399 179178730.135013 183939124.541263 181765067.783699 192784148.408123 261373714.665054 261293633.014144 285105907.110071 284367445.473299 294884219.356461 290195208.084637 290268031.97968 272636936.296368 439678000.791897 446872504.46661 440659077.771177 436767193.123206 452251713.185009 450538740.657234 440734864.351067 481144262.390757 474723299.936399 482027308.938401 1976947980.36336 2037828010.55945 2030602874.78475 1955122437.11678 1925559738.77547 1911244579.86381
261573053.759316 258924205.521865 258040468.0674 274458890.801455 279883588.622118 308153630.426662 307880293.865342 321314906.911503 340663822.747692 369795350.060159 162392861.619126 131334289.587827 130339285.217605 163260122.236204 158064136.667675 157425155.967362 191499476.725728 190972623.517094 190496440.596264 190067932.814612 184465535.339765 189073602.027266 251033420.812562 253197397.536569 254283544.327735 264003098.411774 285539269.919687 450940009.77392 453241390.58651 516343622.583111 515604690.707296 527803345.258333 523131270.077676 523225631.493637 479419974.056392 458339089.383339 1176468352.62758 1206643627.55844 1202749264.62874 1247728459.79948 1208350242.14281 1206683462.86579 1196923820.96079 1568459187.05045 2144960102.70449 71527005360.4522 71527128572.3907 71192924033.8284 71194380367.7743 71117250649.6926 71087826314.3934
