Earthquake_v4/ALL_FUNCTIONS/Risk_Data.asc
ncols         528
nrows         192
xllcorner     24
yllcorner     35
cellsize      0.0416666666666667
NODATA_value  -9999
[rows 44 to 65 of 192, columns 153 to 203 of 528]
1807852577.64587 1169907441.07319 857638582.142148 734108444.85481 569322455.67772 459565534.945603 366274090.075734 33067109.3183382 0 0 0 0 0 0 0 0 0 0 0 0 0 0 81974693.8287409 1516429495.9808 2437937452.8488 2005771299.10942 1976371297.21528 1961735972.41295 1941218299.33312 1923782200.61935 1631854971.33349 1618909027.1556 1390658583.90885 1390658583.90885 1213626270.31093 1103191666.60087 1097093759.84299 985888478.812911 912964436.642793 837486140.995659 834859874.987877 772376031.388482 719714443.027377 523998475.681809 303378265.917964 312584547.13598 299560411.265038 288563885.373702 279391795.602548 271905885.858829 285465182.562156
1725473874.25377 1311873466.04098 1415025664.03586 1415025664.03586 1543207711.09229 1705689807.48833 1916629175.72257 1843368315.65649 1198211755.57837 427783001.572177 158483037.601769 2651278.29629006 0 0 0 0 32620723.3422016 246009656.773505 376993351.891349 391815870.188782 462305706.183447 676288717.298934 881932527.317565 889008675.334946 1254017043.83448 1598493946.51664 2136300974.00851 2378510573.01709 2378510573.01709 2357979877.07774 1956203889.95073 1941234121.49789 1638064794.77553 1626769012.60506 1399751940.57991 1253945511.82151 1115918323.89631 1110807061.91686 1000424565.03214 936506590.815337 861749616.493283 799226113.510263 746531100.090652 500494619.619815 316121946.011082 334297596.318192 335497849.016105 323214286.613723 313081703.316972 304936034.066853 331675534.056178
1516188018.4835 1445338715.95287 1548416534.68944 1676679899.92875 1839265074.32278 2050338261.65655 2050338261.65655 2332497502.78223 2916438340.14527 2916438340.14527 2916438340.14527 3706427082.05681 3497291456.20042 3119039447.23621 1020732617.86909 1063396730.56765 1305688123.33336 1310532537.35413 1253395389.97381 1256215111.28827 1216920684.91851 1188585143.00163 1171157700.57797 1154830257.23163 893341935.967925 880461223.829712 886541119.300288 1516597999.11408 2500399304.92081 2586014591.45625 2034615969.78487 2099530330.68809 1767097062.50183 1614969770.31327 1368569248.09324 1399654623.74379 1275011820.83163 1137888224.16033 1027435710.37713 977975066.20321 903170672.66445 901278242.165081 838754584.681187 437965250.35878 354011868.726217 383408074.257965 370140331.889629 357740968.46536 347504961.793669 339266747.477878 352449984.359
2807314200.98505 2863472739.27698 2815633125.08248 2033207237.56448 2033207237.56448 2244414094.39608 2526752022.75506 2918285276.99249 3217022716.08554 3786342472.56021 3816582370.78671 5209246585.23222 5213898851.48285 4758216979.71228 1836519864.0997 1550210226.69647 1843684195.48449 1846505702.54364 1757907057.77032 1704505470.37426 1704505470.37426 1665186158.63456 1642063154.50933 1620852929.94885 1160792100.23771 1147903230.67547 1137531144.60301 1129043064.49936 1129601718.27943 862024133.79465 856990154.438399 695609747.840443 691872121.849908 572493236.527768 485896831.16797 459723106.461459 640295330.346557 811035139.127609 711692264.477737 663782614.705542 659718018.550217 594663710.74709 476505404.890092 317281409.96808 359696573.108236 438174411.281667 317366209.642673 277339404.619959 284989357.397963 228989520.749409 197160839.111217
3321130434.55455 3497800101.15419 2722070350.78368 2333418875.99866 2544759252.72481 2827275668.33171 3219056440.47602 3219056440.47602 4295667109.73805 5208730119.28327 5212539745.63904 7701202637.889 6052205777.49937 2932779414.11635 2287889734.74662 2290713025.52865 2862421252.82654 2866195382.52336 2715851319.53749 2632430453.25255 2575220976.31587 2535876807.37842 2507505395.67677 2493892098.61909 1613139837.94985 1600242820.19882 1589864177.01788 1589864177.01788 1593164087.22885 1142109195.32929 1136181789.18859 889324928.755588 716049143.020777 712309154.147831 592854798.924633 514917589.762567 450195087.988552 400198974.703367 360686920.584958 367813531.647336 341817037.273164 320311816.634282 302350852.092503 287242416.506028 274473921.564699 329647120.591212 209732141.880383 205350015.502418 201732452.785292 202691899.20355 200041805.647374
3654369799.68441 3582559530.5228 2707182600.4573 2842145350.29385 3053619321.71726 3336314324.56473 3728342753.28129 4298382531.90211 6199560416.45027 6199560416.45027 7701412652.90275 13029839459.7893 4723610419.38156 3879252300.39603 3882077375.23809 3882077375.23809 5301894422.90644 5014250641.57378 4863811574.97904 4775100897.62202 4725470414.94648 4725470414.94648 4686101384.11556 4669512852.98687 2507268817.55614 2490910374.89959 2478005207.42074 2467620005.89261 2479133469.61313 1607127312.05522 1601196160.33939 1190832396.33849 924522968.109409 751719980.646377 632190141.266383 554203682.962166 489440282.524617 439412576.298174 399875554.198437 464485197.86264 463571393.958544 437790961.800437 416497324.087039 398748566.079829 392407014.362773 360892107.701402 599493881.122716 486783552.011622 445714088.171044 442317919.179209 452408013.102743
3540511235.25612 3669099100.49893 3832095607.38563 4043702799.49991 4326575889.62445 4718851281.58567 5289250163.9426 5289250163.9426 8649452559.09272 10152250906.272 13075194682.2059 19802538974.4278 10809489071.4275 9111534959.49186 9114361815.02437 6030659708.78476 6035900106.57527 14428579105.2706 14143133564.935 13992599674.152 13915641327.9491 13858359617.0396 13818965771.2701 4692481013.81306 4671230582.9656 4654861829.31742 4641948527.50138 4631556780.01174 4662037880.08052 2512621145.3941 1641190690.53899 1288083026.48249 1021605739.09479 848693831.101804 845428514.266142 734946691.902366 649006642.858605 584530591.516671 534763836.418823 495467395.831305 874578216.152547 848781534.169349 827474474.730103 809714529.392437 803368980.492394 790988355.438557 24012614677.8829 23372732029.1918 19621469185.5802 16659257612.8687 14102741034.4656
5990268898.38041 6118937763.62453 6282036945.18618 6493777432.79252 6776828710.186 7169351204.05726 7740109391.78071 8624584716.02627 10154829168.1036 23495710058.5918 30728533774.5858 30734329518.3067 430785708049.627 192996938025.349 193000719300.24 18252972008.6277 15163546511.8398 530534513355.443 530253078982.68 530102450283.865 530033665288.441 529976347503.428 529936928847.014 13858291156.8993 13850859821.1848 13834480758.5008 13821559323.8847 13811161031.6725 4775367315.07905 4754470157.32138 2604825771.05298 1733738419.08393 1695537458.77491 1429475370.59623 1256934258.83646 1146382855.02038 1060388680.93327 995872022.573901 946073924.373507 906752734.887524 24121785196.2085 24095972267.4731 24074651788.8485 24056880658.2952 24050531112.9694 24038142690.5998 24027737822.7301 24019038138.2092 24011842078.3475 24006011657.6342 23071580312.3201
16417529099.3955 16546278873.7332 16709480614.7339 16921354248.2287 6781090091.18131 7173859409.6319 18168469921.1868 19083836783.1169 20588527351.748 613114167789.076 620351539622.658 651140518078.387 1019064000612.17 709532123946.914 709535907600.911 534678256709.395 531594517726.989 530880004029.973 530586569538.711 530455896212.26 530406052206.968 530348698373.241 530323096102.941 530391274634.686 530369997447.746 530381727216.856 530368797656.704 530358392823.687 13907953902.3661 5182533316.89929 3017695782.64192 2146060580.18966 24957880452.139 24691651030.2877 24519001402.742 24408380470.1441 24322332211.9871 24257774977.3493 24207945559.7745 24168599640.1249 24136956041.747 24111126878.5599 24089792990.9075 24072010683.6078 24065657144.8806 24053260931.0959 24042849519.3223 24034144363.3336 24026943777.6746 24021109690.0514 24016560666.8569
606468111505.209 606596942050.628 606760246180.183 606972252734.615 17282081442.389 17675097169.4215 608220150800.979 609069387504.187 610575022056.955 613503482258.25 620746527690.705 651556374808.747 1749521707504 709986772382.733 709986194707.948 535021253216.424 531927945718.714 531212983862.7 530953277863.381 530841518735.062 530849266765.128 530791876954.393 530752408766.899 530752084696.262 531142283864.039 532717437408.648 532704499735.407 532694088379.545 14356303753.9993 28461650535.5975 26295455166.7345 25423273255.153 24973534593.932 24707138187.0226 24534380269.7623 24423689953.237 24337587723.6846 24272989997.3029 24223129325.601 24183758727.309 24152095281.3572 24126249917.5403 24104902648.7956 24087109188.0344 24080751664.2253 24068347675.2576 782063115.525794 773352499.469796 766147397.440448 760309650.54526 755757774.102678
606983730339.04 607112641613.712 607276048070.835 607488187473.569 607771772011.307 608165034008.427 608601271239.604 609517786311.967 611024364318.71 613954659540.265 621202243581.786 626865387917.978 1340745612736.3 710459550710.308 710464804285.033 535390210466.655 532306802309.27 531599629687.732 531344910453.547 14257339046.807 14148553808.4846 531564431668.918 531524938748.997 533089010699.139 556358160665.061 556341750743.756 556328804963.781 556318387082.451 37655754839.638 28479487744.5123 26311934798.7478 25439206281.7982 24989185764.7359 24722622404.4602 24549756218.0376 24438996530.7533 24352840340.0487 24288202129.608 24238310209.7106 24198914937.4601 876777805.178131 850916243.807888 829555596.509667 811750984.405623 805389476.270073 791720953.452354 369374245.25222 360448018.734619 352982981.438353 346827637.737628 341882160.572151
615038410334.722 615167402290.945 615330911019.797 615543183193.63 615826945219.256 616220453348.671 609117858201.566 610034946893.753 611542467826.664 23761853254.436 26454361688.5288 10141786697.2254 18363673631.4618 18395636426.8646 18400893292.3151 15311353943.7437 15323199297.442 14615584096.9971 14360705448.5828 6713053660.94175 7036013397.26636 39410529435.3976 39371011796.6494 39342515294.4171 39321198085.2553 39304777893.7128 39291824012.5582 39281399609.5735 28532565853.9987 28497311409.6086 26328401917.7528 25455127210.4733 1699795060.3265 1433064873.45524 1260090500.07607 1140509133.23045 1062563475.29427 997839025.329569 947863923.203852 908384762.211653 464608506.443231 438652591.624403 417188016.15348 399266684.433928 392777266.165417 380211172.269528 369605415.240306 263870327.179304 256400617.947749 347724711.689587 577619278.153902
24340881761.7702 24469954399.7414 24633565399.0021 24845970344.442 616212132324.923 616605886585.59 617178435854.304 26126624824.9476 27017704516.6493 18077385972.1977 20590983888.1466 9516536885.46325 8429340790.58609 10027677932.5226 10032938085.8847 10040586757.3523 9324281358.74688 9050211439.07241 8938242295.77146 6668416180.06725 6982916422.21306 30282702389.9311 30243160034.8502 30214645709.4469 30193315167.4318 30176884705.8627 30163922722.6971 28558947798.733 28522221923.3654 26364702186.8266 2156504534.34562 1705201882.73888 1025457050.50334 851893288.689997 848615662.064462 728959502.961631 650965093.854713 586200161.933559 536193802.842098 496689949.578832 464899096.18697 342063126.40524 320585125.899223 302652585.269238 296159108.189014 283585154.820075 272972764.412118 224903125.783936 217428744.616927 497433032.590534 613208965.571104
13795979547.3594 13899913213.3167 14029066351.2935 14656119332.0682 25324806215.6579 25608922816.9379 26002922652.9824 16150109949.0626 16578405448.5609 16583087023.1643 14059677053.2451 6318897264.86042 5554212701.26178 7153547001.60221 7158810436.62697 7166463879.88997 6883970210.40088 6904083132.55157 6792044134.79276 4520801937.23914 4835498387.40305 28110253423.8777 28081721309.1736 28060377459.6254 4709782149.07244 3101273286.2702 3090835855.77476 3062628623.38143 3054087068.14352 2163810898.48888 1745329755.93517 1293745549.06342 1026096804.84716 755500509.914506 635369534.382986 548227569.325083 491413243.736778 441088096.133668 401300212.848846 369251230.517382 368264882.418492 303119877.330433 281628477.292723 263684749.045743 257187220.864448 244605422.953102 233986411.767742 204930514.48427 195806825.983563 311147601.089574 547227878.010826
4120772011.10369 4224770494.56743 4354004178.00039 6976090662.87462 7188760628.4746 15162223273.0991 13405837584.5917 7906133829.9965 7370913988.76095 6506503517.94652 4030453661.2155 4362229569.07339 4393295437.39924 5993626706.38141 5998893422.44662 6006551636.59563 5867129286.17877 5887254746.01592 5837223411.85748 3596208407.27276 3555893106.08589 2312700433.42391 2284150532.8069 2262793378.25397 1833565105.02911 1792362134.36791 1781918197.54612 1773371317.80371 1752382429.34754 1299620875.77095 1294552024.43467 929751766.783982 755971462.30128 713508684.730225 593703239.487346 506842760.370518 452538511.737648 402181993.211642 362369307.562711 330300347.025324 304072313.832 262228026.036243 243270936.851157 227870947.724288 223389189.464321 212404768.768053 203055181.164357 183246519.308285 176543858.351416 178745647.332834 439069893.927761
2993574286.22406 3097637440.88033 3226951487.95128 4384608799.58014 4384608799.58014 4733430924.96568 3704208143.52012 1614226909.44847 1183056970.75451 1354569649.23305 1204913180.89484 1484635084.88001 1487477903.95793 1519520504.47553 1524790495.33422 1532453471.28789 1443185604.01928 1455060533.34497 1417593320.34722 1416458375.59376 1473887043.48779 1397219785.30274 1375849351.07457 1359388161.38161 1359388161.38161 1249356962.02975 1225004694.54969 1216452500.43866 1209352398.00982 939753688.490521 934681685.390939 721001951.882088 717236094.044406 576817516.582773 489567012.47623 423907707.726386 373030751.250859 379784061.784842 340108340.708764 308146563.408371 281998426.967622 248458932.631447 230323705.449903 215019111.674726 210627467.295141 199718765.358816 191306509.614024 183360460.246698 168990655.685335 193492442.806287 393044173.238646
2332469803.74668 2417683647.96831 2521811473.81688 2697755023.33067 2928770274.88148 2966090333.69044 1409852909.18639 1025218771.55299 991948648.80972 991948648.80972 904016350.88229 1075973143.65068 1092074742.65794 1094919328.27537 1098721924.56538 1103995190.21811 1111662927.97642 1065904253.67919 1065904253.67919 1046413816.5288 1037188619.14104 1015804905.23761 1001894429.86184 985423011.118355 972428716.858709 922742005.641985 914184497.162911 907079982.701288 907079982.701288 901107868.754171 725804497.492763 701299497.962346 580461750.298936 480873806.264022 414837475.780523 412288817.250788 361380245.626825 329762356.761407 297555466.974408 271183278.931693 249309948.114196 248613326.02631 222799091.782245 207484987.670029 203090614.304715 191184999.84817 181773142.100145 173741075.881923 202353913.40113 434606884.497254 449148406.888628
1568055449.86807 1653322158.41187 1757514582.29478 2058882443.61109 2188357127.04718 1093449576.65908 760881274.64371 760881274.64371 765022157.142408 766161232.815144 884695319.303526 828748223.413707 830940706.474813 833787056.946873 837592012.466408 842868549.789886 842868549.789886 810875525.927496 822765206.475336 794162066.620012 814325055.980732 792928075.066778 776446437.027612 763444080.770803 763444080.770803 732817678.960173 724254861.180683 717145938.894279 711170119.692625 706091816.071772 584592419.672531 568932203.27985 481172152.84869 481172152.84869 407422356.690867 356197723.919002 315532755.259448 322294454.860833 290067583.083823 263679033.051438 241792131.452086 222799691.49616 287412337.838562 317348571.24704 278477922.494841 222740005.023299 186761641.810923 171835894.532599 354349069.728124 448037192.742676 985812583.56059
945400083.273207 857582827.685074 1355403599.64981 1758602985.93254 1758602985.93254 1801903790.15383 1019389252.41504 608688707.890879 680971508.5053 624398817.24004 710316124.392295 672356754.980565 674550596.173994 674550596.173994 677398709.81616 681749903.526759 1700969134.7736 1601161373.47468 1349129773.08121 779020965.977867 656029028.217996 639537180.638336 626526770.079859 626526770.079859 616056876.075682 595591708.460759 588478382.556694 588478382.556694 582498861.637501 577417412.264701 488532958.342304 484760086.841377 410563195.527154 407674734.219114 351138564.508757 310448405.959422 308423738.205988 275686865.800277 331158021.238183 362130640.284803 401749881.923017 507968542.594475 588995998.92467 549814182.658861 541619503.313012 510429233.636584 485087203.976998 459765701.677433 990527598.774509 975014825.321168 962011841.362588
249845974.260931 249845974.260931 917292493.228215 1259144892.47315 1307716763.24657 1438925836.0714 1014165327.6596 502582570.902354 560375893.36791 520661237.616479 585070631.640985 557825686.836184 559557478.315071 561752677.381279 564602553.856322 729410383.029853 1689441560.07086 1641468832.0145 1641468832.0145 1573320278.2228 1192071116.85461 716998557.021262 787116448.734165 1108086834.6459 1274414293.44234 771307699.892882 496583762.879654 490600540.950423 485515946.426567 481153335.088469 449898526.644355 547214480.010651 454129340.13431 401916508.983163 401175268.893728 479517647.853718 496258374.137735 591449867.083355 752525654.891172 689178621.777025 634253299.728805 585976611.70179 537628959.059312 503361533.293496 531122007.686795 1055554603.68637 1030738815.16444 1009407994.3097 981297916.751617 965337746.593453 951804690.631281
218517970.86024 230907127.755243 264738585.385452 264738585.385452 282491146.056315 305067701.773367 420753339.013887 472578784.904831 463153736.412873 443561705.515072 493467680.080937 473425452.614141 473425452.614141 475158313.475367 477354868.078479 564207080.382065 1421746663.29745 1389527506.72116 1389527506.72116 1405239615.24123 1366522096.53485 1366522096.53485 1335364869.39427 1309867101.83511 1309867101.83511 1276746264.74997 1073401643.09614 895586988.085219 754062202.523421 891009343.231639 1041796398.46804 1061138543.85571 1041212674.00093 919276244.626998 904053744.210171 812038671.760525 730712213.211278 725306034.881471 657918418.707493 627118867.955638 579915525.590223 577862696.72934 531432238.035422 1050764909.9318 1046817430.07816 1019335904.09867 997389191.200504 978407769.119095 974692751.199598 955545749.830876 941696394.003989
204873968.718812 204873968.718812 231049593.583908 245797009.878765 245797009.878765 263560523.582052 294880023.291573 416759153.465765 416913242.411605 395463299.833498 433596505.500281 418215967.325978 419611316.353427 419611316.353427 421345246.392308 510506754.040193 1211760929.34145 1228599250.92962 1228599250.92962 1239936375.0698 1208759924.97373 1175438272.68609 1149924773.86702 1149924773.86702 1128743255.69966 1110937895.35356 1084469619.67306 1084469619.67306 1071487004.64637 1060252436.2718 936043059.417131 927442020.114612 918961125.007531 819290669.229223 806007019.532656 724630385.30967 719220871.550946 651791679.497233 594797281.057857 572281464.388416 1127703479.37516 1085712349.27206 1045639317.9771 1015399908.84255 1014777024.1481 1014811193.3865 992850940.10886 971221555.901107 400574434.168532 382049553.908754 369770562.348138
